4
1
7
346,000000 519,000000
394,000000 318,000000
489,000000 266,000000
679,000000 350,000000
814,000000 516,000000
978,000000 506,000000
979,000000 258,000000
202,000000 299,000000
3
15
1
10
161,000000 124,000000
165,000000 145,000000
169,000000 348,000000
206,000000 522,000000
325,000000 560,000000
476,000000 455,000000
574,000000 318,000000
640,000000 203,000000
782,000000 241,000000
859,000000 433,000000
743,000000 447,000000
3
15
1
12
90,000000 146,302216
151,000000 364,302185
204,000000 456,302185
424,000000 407,302185
521,000000 319,302185
547,000000 234,302216
684,000000 263,302216
801,000000 363,302185
866,000000 429,302185
963,000000 477,302185
1040,000000 515,302185
1116,000000 502,302185
769,000000 141,302216
6
30
1
14
118,000000 571,302185
206,000000 563,302185
383,000000 560,302185
533,000000 565,302185
745,000000 572,302185
947,000000 569,302185
1116,000000 343,302185
1108,000000 273,302216
1039,000000 134,302216
859,000000 101,302216
677,000000 93,302216
301,000000 83,302216
261,000000 85,302216
127,000000 91,302216
672,000000 305,302216
10
50
