2
1
31
589,000000 252,000000
503,000000 253,000000
443,000000 318,000000
436,000000 414,000000
501,000000 472,000000
647,000000 486,000000
749,000000 451,000000
781,000000 314,000000
744,000000 195,000000
627,000000 154,000000
440,000000 169,000000
330,000000 235,000000
288,000000 339,000000
326,000000 466,000000
411,000000 541,000000
557,000000 580,000000
781,000000 587,000000
902,000000 497,000000
936,000000 356,000000
902,000000 192,000000
808,000000 113,000000
690,000000 74,000000
484,000000 71,000000
305,000000 82,000000
170,000000 148,000000
108,000000 250,000000
124,000000 364,000000
145,000000 461,000000
170,000000 569,000000
270,000000 660,000000
541,000000 622,000000
600,000000 350,000000
2
15
1
24
143,000000 61,000000
392,000000 80,000000
639,000000 118,000000
850,000000 180,000000
957,000000 235,000000
1022,000000 331,000000
1028,000000 428,000000
1027,000000 508,000000
953,000000 511,000000
873,000000 495,000000
828,000000 488,000000
714,000000 467,000000
574,000000 429,000000
453,000000 411,000000
308,000000 389,000000
224,000000 400,000000
189,000000 429,000000
179,000000 483,000000
202,000000 506,000000
275,000000 541,000000
461,000000 563,000000
625,000000 575,000000
750,000000 588,000000
781,000000 594,000000
419,000000 275,000000
1
5
